intrinsic:
728.4652506156009 0.0 724.2716497016585 
0.0 744.0925911911942 368.6598636244455 
0.0 0.0 1.0 
distortion:
-0.48745253510691255 2.9230909015572824 -0.0007967579452233306 0.0495118500933034 -3.9768444114670305 
