intrinsic:
1068.1601328020954 0.0 766.5146401445752 
0.0 1128.3324767752727 463.0581063221765 
0.0 0.0 1.0 
distortion:
1.8087729135005148 2.1032906125365667 0.03048265072755036 0.12835413828891246 -212.4102021025752 
