intrinsic:
1374.0600816213453 0.0 648.5756440757078 
0.0 1475.0210500212763 425.06665648618934 
0.0 0.0 1.0 
distortion:
3.1265349281101407 -27.346723011070736 0.1944895313506886 -0.015126322642351463 150.4477257191674 
