intrinsic:
975.8489394230982 0.0 659.1585532029285 
0.0 1020.782062643395 348.6659724527037 
0.0 0.0 1.0 
distortion:
1.3918412561044635 -11.36719407697654 0.002975854543235955 0.033030525363156274 32.81324267750668 
